4035413
4035216
4034939
4034903
4034934
4035268
4035112
4034891
4034924
4035019
4035263
4035345
4035236
4035432
4035258
4035256
4035091
4035234
4035013
4034968
4035386
4035064
4035093
4035319
4035335
4035050
4035249
4035038
4035347
4035166
4034930
4035252
4035174
4035358
4035260
4035318
4035187
4035331
4035229
4035000
4035340
4035359
4035059
4035226
4035297
4035126
4035074
4035096
4035306
4035137
4035090
4035007
4035004
4035085
4035037
4035185
4035220
4034897
4035214
4035213
4035248
4035003
4035350
4035209
4035139
4035021
4035254
4035341
4035255
4035078
4035061
4035063
4035089
4035196
4035177
4035142
4035106
4035073
4034949
4035065
4034962
4035296
4035217
4035075
4035251
4034896
4035399
4034932
4035270
4035020
4035416
4035071
4035086
4034951
4035105
4035184
4035053
4034957
4034921
4035300
4034971
4035066
4035301
4035123
4035111
4035294
4034999
4035407
4034992
4034938
4035130
4035029
4035141
4035309
4035310
4035079
4035099
4035052
4035372
4034914
4035397
4035273
4035097
4035231
4035155
4035118
4034998
4035280
4035332
4035062
4035261
4035414
4035018
4035049
4035113
4035325
4034913
4035371
4035324
4035381
7106456
4034948
4035400
4034912
4035056
4035352
4035150
4034967
4035396
4035367
